#vertices: 196591	#edges:950327
finish reading graph, time: 1.74001
finish building index, time: 0.268805
1	6484	166	1.28617
2	135129	324	2.15318
3	6465	433	2.63041
4	10038	536	3.46227
5	57521	618	4.05894
6	60731	698	4.90633
7	51811	777	5.40228
8	29476	853	6.25104
9	54712	924	7.01534
10	8680	992	7.81226
11	42399	1057	8.56238
12	98257	1120	9.00755
13	88041	1178	9.51747
14	5346	1232	10.0862
15	4877	1319	10.7619
16	40155	1371	11.6402
17	87648	1423	12.4769
18	92910	1472	12.9454
19	135476	1521	13.3772
20	57983	1569	13.8521
21	6706	1616	14.6162
22	94047	1661	15.2263
23	40983	1705	15.6942
24	6591	1748	16.1813
25	17625	1795	16.8476
26	57453	1837	17.6913
27	55680	1877	18.3867
28	86	1915	18.908
29	138950	1953	19.7728
30	114852	1989	20.2123
31	140904	2025	20.6671
32	57166	2060	21.1031
33	115894	2096	21.551
34	45008	2130	22.0237
35	61480	2164	22.8943
36	31729	2198	23.6576
37	23002	2231	24.4725
38	47816	2264	25.3811
39	169638	2297	25.776
40	46313	2329	26.214
41	6399	2361	27.0041
42	6362	2414	27.5021
43	40502	2449	28.2796
44	22798	2481	28.7881
45	51906	2513	29.5857
46	117209	2545	30.0241
47	36971	2576	30.5267
48	135340	2607	31.4177
49	98652	2638	31.835
50	112552	2669	32.2452
51	4694	2699	32.6787
52	18847	2729	33.2183
53	24504	2759	33.7833
54	133032	2789	34.5594
55	93299	2820	34.9666
56	97329	2850	35.3634
57	135253	2880	35.7914
58	110248	2909	36.2267
59	148607	2957	36.6391
60	9894	2986	37.1025
61	30740	3015	37.9516
62	4410	3044	38.8633
63	6310	3072	39.4461
64	77365	3100	40.0821
65	102460	3128	40.8884
66	107547	3163	41.3378
67	11410	3190	42.0911
68	5057	3217	42.587
69	56610	3244	43.1155
70	94072	3271	43.6224
71	9484	3297	44.0853
72	85149	3323	44.7047
73	7432	3349	45.2611
74	52882	3375	46.1013
75	53318	3401	46.8256
76	72166	3430	47.3099
77	46620	3455	47.8625
78	103314	3486	48.7286
79	21990	3511	49.2555
80	7844	3538	49.7869
81	58162	3563	50.6251
82	110045	3588	51.0951
83	62049	3613	51.5419
84	100643	3638	51.981
85	94832	3663	52.4233
86	20117	3688	52.8647
87	166064	3712	53.3475
88	107420	3736	53.7855
89	105438	3760	54.264
90	69772	3784	54.7963
91	22846	3808	55.4441
92	61813	3832	56.3564
93	34635	3856	56.8719
94	31219	3880	57.7489
95	50793	3904	58.4775
96	7288	3930	59.2753
97	95931	3954	60.2075
98	105393	3978	60.5994
99	139731	4002	61.0315
100	85711	4026	61.4961
finish, time: 61.4961
