threshold: 1	budget:100
#vertices: 196591	#edges:950327
finish reading, time: 1.74
finish building index, time: 0.84
100	100	4026	119.79
85711	34635	139731	61813	22846	105438	166064	58162	7844	21990	103314	46620	7288	53318	52882	7432	85149	9484	94072	56610	5057	11410	50793	6310	4410	30740	17625	92910	100643	6591	105393	61480	6399	40983	57983	135476	57453	112552	110045	4877	55680	31729	5346	9894	138950	6484	69772	98257	29476	72166	4694	169638	6465	102460	135129	40155	94047	87648	107420	45008	60731	8680	62049	57166	135253	107547	77365	42399	10038	54712	22798	88041	20117	47816	18847	114852	140904	94832	115894	135340	46313	6362	86	6706	57521	40502	51906	117209	36971	95931	31219	98652	51811	133032	93299	97329	24504	23002	110248	148607	
98	100	4190	133.71
36840	34635	61813	22846	105438	166064	58162	7844	21990	103314	46620	53318	52882	7432	85149	9484	94072	56610	5057	11410	50793	6310	4410	30740	17625	92910	100643	6591	105393	61480	6399	40983	57983	135476	57453	37035	112552	110045	4877	55680	31729	5346	9894	138950	6484	23515	69772	98257	29476	72166	4694	169638	6465	102460	135129	40155	94047	87648	107420	45008	60731	8680	62049	57166	135253	107547	77365	42399	10038	54712	22798	88041	20117	47816	18847	114852	140904	94832	115894	135340	46313	6362	86	6706	57521	40502	51906	117209	36971	95931	31219	98652	51811	133032	93299	97329	24504	23002	110248	148607	
92	100	4242	5179.26
57227	72166	105438	166064	100643	21990	58162	10177	52882	11410	6317	94072	110045	34446	56610	148607	110248	135253	97329	93299	103314	304	30701	61813	25727	112552	24504	135330	31219	98652	49964	85149	9484	117209	51906	10820	121875	9233	6362	31	6399	46313	20117	3575	18847	47816	22798	107420	22324	45008	94832	115894	62049	57166	140904	114852	1613	3895	34765	31729	55680	57453	8037	40983	3975	4450	23959	43632	135476	92910	94047	87648	40155	25466	50793	5250	4869	5346	7872	138950	6484	98257	29476	169638	6465	102460	135129	60731	8680	5300	77365	107547	42399	10038	54712	88041	40502	57521	133032	51811	
finish, time: 7002.97